1V inhaltsverzeichnis 5 9

CIL lv =CIL VI CE

 

6687 50 ἰ 2998 230 231 686
6697 14 2999 217 232 510
6698 809, 3001 2231 233 31. 263
6716 398 ἒ 3004 224 3 583. 828
6731 768 ’ 3008 226 332 669
6733 772¹ 3009 235» 333 704
6757 200 3010 238* 349 675
6761 816 ¹ 3028 234 ἶ 350 212
6764 561] 3033 236 351 677
6768 817, 3038 233* 353 317
6773 291, 3050 225’ 354 785
6779 33 3052 228Ῐ 355 681
6785 385Ὶ 3053 220 356 627
6796 144 3056 229 359 584 679 808
6815 35 3057 216 926 482
6817 98 3060 222 927 304
6820 737 3065 218 928 14
6825 635 3066 215 ’ 929 671
6828 79 3067 2371 930 636
6838 88 ς 3069 219 931 34
6839 338 3072 2391 932 “ 702
6842 301 3074 56, 933 641
6847 343, 3075 2311 934 585
6849 412; 3076 227’ 935,11 586
6853 767 3079 221 935, 14ff 587
6864 13 3081 232 936 803
6865 473 29791 436 937 1
6868 638 29848 b 696 939 588
6873 4342 338936 565 940 589
6877 442 CII* >i 4483 508 942 590
6882 38 , Ephem. epigr. VIII 943 591
6884 744, 337 703] 944 592
6885 672=CE2 945 593
6887 404Ἰ 32 476 946 5941
6890 3154 33 782, 947 27
6892 596 35 818’ 948 597
6893 80 37 819 949 598
6894 546 38 429 950 599
6902 203 1 40 114 952 567
6905 68’ 41 113. 316. 953 600
6907 72 505. 580 954 601
6909 6ο 42 6821 955 6141
7014 196 ¹ 43 811. 812a' 956 602
7037 318} 813. 815* 957 668
7038 698 “ 44 581 1491 802
7059 375 45 582 1785 p. 823 781. 807
7065 1851 47 689 1785 p 824 574·003-
7069 445 48 674 673. 680. 688
7080 738 49 685 1785 p. 825 800
7086 604 50 449. 471. 690 1789 796
7089 667 5 1 699 1 798 692
7090 78οι 230 691 1810 616

 

 

