5 4 IV inhaltsverzeichnis

IV INHALTSVERZEICHNIS

CIL III CIL IV CIL IV
107 16 509 549 484 1176 8
10717 798 ’ 567 187 1177 244
12067 214b 581 169 1178 117
12068 2140 597 157 1179 243
12069 214a 652 579 1180 245
CIL IV 653 713 1190 246
7 120 659 537 1211f· 345
17 122 669 84 1226 131
20 124 677 186 1227 14
21 121 733 10 1230 618
26 125 760 503 1234 510
27 159¹ 768 137 1237 476
29 191 7911· 139 1239 403
45 126 794 716 1241 531
60 112 8061. 439 1256 576
61 158 812 20 1261 617
64 432 813 704 1266 209
67 123 826 181 1277 Δ 333
88 711 840 134 1279 101
89 629 844 15 1283 578
99 139 858 136 1289 339
103 129 864 184 1291 631
111 164 879 472 1292 632
120 168 882 12 1293 297
128 166 918 763 1 1294 309
138 437 920 197 1309 284
148 310 932 146 1314 495
175 188 933 145 3 1321 707
187 153 950 709 z 1324 894
202 140 9941. 141 1326 569
221 170 1011 171 1329 298
222 156 1059 138 1331 649a
259 99 10699 212 1337 512
275 172¹1074 94 1347 569
399 177 1984 83 1353 349
346 16741985 311 1354 44
362 151 1993 519 1355 374
387 165 1094 285 1357 571
423 1351996 444 1363 656
427 199 19962 443 1364 823
429 179 1111 300 138811 661
470 173 1118 567 1389 657
528 96 1122 154 1391 625
538 263 1136 435 1392 425
548 292 1173 594 1393 426

 

 

