522

352
643
645
314
730
381
644
742
506

498
366

392

621

731
793

383
606
814
710
605
648
249
551
568
777
396
397

337
202
401
824
406

775
502
702
585
586

693
613
769
640
739
501a

162

 

IV inhaltsverzeichnis

CIL IV
5007
5009
5011
5012
5020
5029
5031
5035
5037
5965
5068
5069
5080
5081
5086
5087
5092
5094
5105
5112
5123
5125
5127
5130
5138
5150
5153
5158
5174
5181
5182
5184
5189
5195
5198
5202
5203

15213

5214
5225
5232
5233
5242

7 5244
:5246

5251
5254
5266
5207
5268
5274
5275

790
574
826
795
784
759

CIL LV
5279
52 280
5296
5298
5299
5300
5303
5306
5341
5347

;5352

²- ῇ5358

5360
5363
5370
5371
5372

- 5373

5375
5380
5386
5395
5398
5399
5406
5408
5413
5417

45424
’5430

5432
5448
545Ο

” 15451

104

’5454

5457
5461

ι5466

5476

7 ε5486
-2 ’5488

394

553
5016
553
534
259

 

5494

,5499
;5504

6601
16621
ξ6624
’6626

6635
6641
6672
6682

 

