CIL IV
2060
2066
2069
2070
2082
2083
2089
2107
2119
2124
2145
2146
2152
2155

2157
2163

2168
2183
2188
2193
2202
2204
2210
2241
2246
2254
2256
2258
22582
2288
2292
2308
2310b
2310k
2311
23191
2325
2326
2331
2353
2360
2374
2380
2387
2393
2396
2398
2399
2400
2400a
2400d
2400e

706
602
819
402
490

77
387
115
724

92
204
727
563

210

541
353
299
619
469
454
664
810
613
614
431
326
619

494
620

658
411
458
801

776
665
413
293

53
525
582
630

271
620

753
280

766
501
822
529
528

 

IV inhaltsverzeichnis

CIL IV
24oof
2400g
2411
24112
24132
2413f
2413h
2413k
2414
2416
2425
2430
2437
2440
2448
2450
2455
2457
2459
2460
2464
2476
2479
2483
2495
2498
2507
2508
2513
2514
2517
25202
2524
2541
2544
2887
2953
2975
29931
2993Υ
2995
3061
3072
3083
3092
3117
3121
3123
3129
3135
3136

,3149

527
526
51
3
479
478
547
752
608
694

654
302

301

452
388

453
422

493
200

81
303
286
330

29
350
329
748
260
371

55

57

59

58

75

73
201

488
142
176
9ο
14
073
783
556
765
751
750
82
743
781
812a
806

 

CIL IV
3152a
3109
3185
3199
3²Oog
3202
3207
3291
3294
3347
3356
3377
3388
3403
3406
3407
3409
3433
3442
3471
3485
3494
3502
3508
35121
3525
3529
3539
3572
3579
3580
3674
3678
3687
3695
3702
3710
3711
3718
3722
3726
3760
3774
3775
3784
3789
3796
3804
3811
3822
3828

3832

715
415
370
595
325
655

61
163
161
118

322
771
174
389
821
182
133
722
128
175

639
178

669

97
147
198
148
570

351
163

161
189
19
132
544
609
183
47
95
150
23
152
518
256
799
347
723
91
127
696a

