60

[k

234
1319
2176
2177
2609
2610
2611
4181b
5138
5142a
5142b
5142e
5142d
5143
5144
5145
5146
5147
5181a
5723
6034
6035
6036
6326
6364

1v inhaltsverzeichnis

I)e
95 6398ἃ
113 6398b
227 6398c
230 6398d
214b 6400
2140 6401
2143 6402
4616403
263 64042
274 64040
275 6405
277 64062
276 64072
243 6408b
244 6409
242 6410
241 64112
247 64120
312 64120
435 64136
436 6414
437 64186
439 64180
563 6418d
472 6419e

 

Frommannsche Hofbuchdruckerei (Hermann Pohle) in Jena. — 3710

121³
123¹

158

191
148

128}

153
155
133

134'

132
154

127;

147
152

129}

140
131

179,

190

161 6

165
170
169
172

 

171
143
181
182
183
184
186
189
157
156
197
137
138
200
446
729
532
525
297
298
299

97
192

 

