CIL rv
3864
3867
3872
3874
3881
3882
3884
3885
3888
3889
3890
3891
3905
3909
3935
3948
3950
3957
3964
3976
3990

3992
4000

4001
4007
4016
4023
4024
4042
4050
4051
4053
4057
4074
4078
4080
4089
4091
4098
4100
4106
4107
4110
4112
4114
4118
4120
4122
4126
4133
4138
4140

433
312
192
193
240
241
242
517
729
796
434
305
483
718
613
636
282
363
423
539
642

2111

ἒὲ5
3ss
18
460
456
49

354
757
332
419
820
829

5934
’4334
523¹

408

535

369
721

53²

543
328

626
807

24
323

 

 

1v inhaltsverzeichnis

CIL IV
4147
4150
4161
4169
4182
4184
4185

’4186

4189
4196
4207
4225
4227
4235
4239
4244
4257
4262
4268
4270
4273
4276
4277
4278
4280
4286
4287
4288
4294
4295
4297

14299

4302
4304
4308
4310
4311
4327

4342
4345
4353
4355
4356
4370
4378
4379
4380
4382
4384
4385
4398

86
462ἷ
552

5
110
557
659

499
11

663

52
755
400
677
505
533
734
564

21
362
414
637
421
720
265
273
248
254
250
267
255
279
251
611
272
206
208
268³
266
274
275
277
290
276
313
252
270
295
288

253
287

459

 

57
CIL sv
4404 42
4409 794
4411 536
4418 116
f4420 269
4422 393
4429 320
{4430 487
14439 464
14447 540
4456 671
4474 384
4477 575
⁴4485 511
4488 685
4491 786
Ὶ4495 440
γ4496 43
4498 610
4508 732
4509 584
4514 324
4519 607
4528 430
4533 113
4550 497
4551 340
4562 749
4563 368
4592 455
4596 538.
4599 386
4600 746
4602 648
4603 ’ 41
4610 407
4615 367
4618 213
,4621 327
4022d 214
4636 264
4661 420
4668 756
4671 741
4690 466
4699 650
4704 342
4707 566
4713 745
4714 373
4721 372
4723 714

