CIL IV
1396
1397
1398
1410f.
1421
1422
1425
1427
1435
1441
1446
1449
1454
1463
1474
1477
1507
1512
1516
1517
1520
1527
1529
1536
1538
1544
1545
1547e
1552
1553
1555
1560
1564
15701.
1574
1589
1590
1592
Ι593
1595

1597
1604

1607
1618
1621
1625
1626

1635
1644
1645

1649
1650

37
492
530
⁵ae
{62

649
660

319

712
733
6

109

 

lv inhaltsverzeichnis

CIL IV

1653
1654
1655
1658
1662
1664
1678
1679
1684

’1688

1690
1698
1700
1711
1712

·1713
4271

1714
1731

'1751

1754
1763
1768
1773
1780
1781
1783
1787
1816
1819
1820
1824
1825
1826
1830

,1831

1837
1838
1839
1841
1842
1847
1849

18492
1852

,1854
,1856

’1858

1860
1863
1864
1870
1877

283
811

545

199,
708*
281
410

341
474}
774³
555Ὶ
6791
6661
207Ἰ
417}
355
773,
149’
4704
416’
572]
447³
257
736
603¹
356
514 i
652ἶ
634;
4491

27 ¹
648¹
6461
691
633*
598
524

28
797³
1021
103¹

39

76’
477
754,
317
391
5904
4711
489
818
683

 

CIL IV
1880
1881
1882
1883

‘1885
,1886

1890
1891
1893
1894
1895
1896
1898

41899

1901
1902
1904
1917
1926
19271
1931
1936
1937
1938
1939

Ι1940

1941
1943
1945
1948
1949
1950
1969
1970
1982
1989
1990

γ1991

1993
1994
1997
2005a
2013
2016
2018c
2021
2023
2025
2030
2040
2048
2059

491

106
194

